15006
15020
15025
15039
15074
15084
15093
15103
15109
15126
15127
15163
15172
15181
15189
15193
15198
15216
15234
15246
15258
15285
15291
15307
15322
15366
15393
15406
15423
15435
15445
15447
15447
15450
15453
15471
15485
15493
15502
15511
15534
15538
15548
15552
15598
15600
15609
15613
15617
15620
15624
15629
15643
15662
15677
15698
15751
15761
15764
15765
15819
15822
15833
15861
15878
15914
15918
15920
15935
15944
15948
15972
16005
16042
16066
16106
16107
16118
16122
16128
16135
16160
16164
16185
16192
16197
16209
16236
16251
16267
16281
16288
16292
16292
16305
16318
16322
16335
16343
16371
16381
16428
16431
16436
16448
16468
16473
16480
16485
16561
16593
16599
16599
16620
16634
16675
16677
16699
16709
16715
16735
16749
16788
16798
16804
16827
16829
16835
16870
16875
16876
16878
16900
16923
16928
16930
16950
16976
17005
17014
17015
17030
17033
17050
17078
17083
17085
17088
17089
17104
17113
17114
17136
17153
17161
17165
17175
17182
17191
17193
17193
17211
17219
17226
17238
17241
17242
17259
17265
17287
17294
17298
17314
17319
17378
17387
17404
17421
17436
17440
17441
17449
17475
17480
17487
17494
17523
17541
17560
17561
17567
17576
17584
17586
17592
17594
17595
17607
17621
17636
17638
17647
17670
17671
17686
17696
17705
17727
17785
17791
17800
17803
17824
17832
17836
17837
17847
17852
17897
17914
17930
17939
17977
17990
17999
17999
18002
18032
18046
18051
18054
18054
18089
18094
18101
18104
18106
18125
18158
18184
18204
18224
18236
18247
18286
18287
18294
18307
18313
18340
18345
18370
18378
18389
18406
18418
18427
18429
18429
18441
18469
18474
18474
18486
18486
18491
18492
18501
18505
18505
18516
18529
18530
18549
18577
18577
18588
18637
18639
18647
18654
18659
18664
18677
18678
18683
18686
18700
18701
18737
18752
18758
18768
18774
18795
18807
18815
18818
18839
18840
18852
18855
18877
18896
18899
18908
18914
18939
18940
18960
18967
18981
18981
19007
19031
19043
19055
19063
19074
19078
19084
19091
19108
19120
19137
19151
19158
19196
19200
19227
19232
19233
19250
19253
19253
19259
19269
19299
19310
19330
19349
19387
19390
19406
19409
19415
19422
19453
19474
19479
19480
19493
19514
19539
19542
19544
19562
19564
19565
19599
19602
19610
19613
19623
19642
19644
19665
19667
19668
19670
19672
19685
19694
19704
19704
19729
19750
19753
19753
19756
19782
19793
19809
19812
19816
19821
19847
19900
19901
19901
19910
19924
19928
19933
19943
19945
19947
19947
19955
19961
19987
19995
19997
20018
20044
20062
20079
20094
20102
20129
20196
20212
20256
20259
20272
20282
20288
20293
20295
20295
20309
20327
20332
20335
20346
20348
20372
20379
20381
20398
20398
20419
20460
20510
20512
20521
20523
20556
20562
20588
20592
20611
20653
20661
20662
20668
20692
20700
20704
20719
20720
20786
20798
20798
20819
20830
20838
20868
20869
20898
20912
20925
20967
20980
20989
20989
21000
21024
21048
21076
21080
21107
21120
21133
21136
21151
21184
21196
21209
21232
21233
21237
21258
21262
21263
21277
21286
21296
21313
21329
21331
21331
21347
21356
21366
21372
21385
21391
21429
21440
21482
21499
21506
21507
21517
21532
21533
21533
21534
21535
21559
21573
21577
21585
21615
21621
21645
21694
21704
21716
21775
21783
21806
21839
21849
21856
21877
21909
21927
21958
21964
21975
21975
21979
21980
22001
22030
22036
22051
22063
22069
22078
22080
22087
22095
22098
22102
22105
22115
22124
22145
22150
22165
22186
22194
22207
22221
22226
22249
22287
22299
22309
22313
22322
22337
22338
22340
22344
22355
22355
22358
22363
22372
22378
22399
22399
22443
22463
22473
22477
22484
22509
22520
22522
22525
22532
22535
22551
22553
22553
22559
22559
22562
22574
22582
22594
22614
22619
22634
22635
22652
22659
22660
22676
22677
22679
22700
22720
22785
22795
22797
22805
22816
22833
22839
22878
22879
22889
22890
22891
22900
22903
22934
22942
22963
22977
22985
23022
23032
23044
23055
23063
23067
23068
23086
23096
23097
23099
23144
23149
23152
23158
23243
23259
23272
23273
23273
23281
23344
23352
23378
23380
23386
23403
23430
23449
23465
23466
23466
23482
23488
23509
23516
23524
23562
23565
23597
23601
23630
23632
23638
23643
23644
23659
23664
23677
23685
23690
23750
15653
23777
23803
23809
23819
23820
23837
23887
23890
23900
23901
23901
23905
23906
23906
23920
23929
23945
23953
23960
24014
24032
24046
24055
24056
24063
24064
24073
24074
24077
24078
24105
24107
24127
24133
24138
24162
24216
24229
24248
24271
24297
24311
24329
24338
24342
24348
24354
24369
24380
24405
24418
24436
24439
24459
24467
24472
24514
24543
24544
24564
24567
24610
24612
24634
24637
24644
24675
24687
24689
24717
24737
24745
24760
24772
24775
24804
24805
24821
24834
24847
24856
24866
24867
24880
24898
24923
24924
24936
24939
24955
24964
24985
24999
25008
25011
25015
25047
25077
25083
25083
25100
25119
25124
25127
25129
25132
25151
25155
25188
25229
25232
25309
25370
25386
25394
25407
25420
25428
25429
25432
25440
25458
25480
25484
25488
25494
25495
25506
25516
25526
25539
25576
25579
25600
25600
25614
25623
25628
25670
25680
25693
25693
25699
25704
25705
25728
25737
25758
25764
25777
25800
25823
25835
25856
25862
25862
25864
25869
25908
25910
25937
25947
25977
25978
25986
25987
25991
26018
26033
26045
26053
26075
26082
26098
26099
26117
26118
26134
26141
26196
26199
26203
26207
26215
26220
26223
26226
26229
26230
26244
26283
26284
26302
26308
26311
26352
26368
26373
26380
26388
26389
26409
26413
26422
26424
26427
26431
26432
26449
26520
26520
26542
26548
26553
26559
26561
26567
26587
26589
26602
26605
26608
26615
26639
26639
26662
26691
26694
26698
26701
26707
26719
26760
26791
26791
26814
26820
26908
26956
26962
26965
26979
26986
27009
27010
27025
27097
27103
27117
27131
27131
27133
27139
27145
27147
27202
27210
27210
27222
27250
27250
27260
27273
27274
27277
27280
27280
27280
27288
27294
27344
27357
27359
27361
27364
27405
27414
27422
27439
27470
27471
27490
27502
27507
27509
27525
27550
27553
27574
27580
27616
27629
27643
27700
27702
27709
27712
27738
27776
27829
27848
27878
27886
27893
27908
27925
27937
24668
23242
19072
27952
28007
28015
28016
28043
28074
28077
28083
28108
28152
28189
28200
28209
28226
28228
28249
28257
28285
50429
17414
52439
41747
54487
24014
36988
26365
57624
24994
36620
25271
29953
16394
15464
31543
37618
30265
24103
20561
59599
60437
26759
21939
16694
53424
49185
54242
42438
60492
42963
30229
21047
27717
40374
53868
18243
60504
18484
15385
42601
54976
25226
19837
16065
35015
33324
42741
51077
40762
61163
43368
44111
53340
57561
59581
60070
55953
35858
39346
37428
28517
47673
48473
49044
42567
57699
56897
33298
57084
28517
37072
55142
46731
30823
46400
16858
60677
29098
17764
18029
16032
47941
31894
30497
61868
16463
27027
40911
31374
18951
41820
42903
23079
60029
59383
62487
31290
38446
45266
46321
33133
30162
48319
62943
46715
27934
22734
27423
46649
43713
42921
49583
38571
40067
55728
44445
46590
31194
32028
56825
35568
21041
52089
56297
54180
24517
23105
56201
57537
18864
30036
15676
59994
62895
50452
18339
38040
54210
49229
35833
58628
25200
47730
63858
51775
22342
24585
32384
42931
17697
51419
30309
20587
50687
38412
20767
19871
23039
18754
50372
21964
42586
29707
39791
36344
29376
23462
22572
32692
42977
54396
44555
41883
18900
16125
48036
58183
40376
21140
51432
48771
49012
59436
42064
40186
44061
38684
42165
21358
38788
23293
54347
57205
24505
24605
43626
15006
17856
51548
39578
50417
17486
21508
23258
48133
39392
26134
21421
43739
21640
22446
30275
21687
43334
26664
45439
26879
39071
28924
44410
22603
60460
62021
42627
36700
40113
21008
60768
53610
64274
62262
18489
48155
52345
24359
21926
54038
37946
19625
30825
56652
61149
17246
16252
18985
41502
17467
18790
50626
64424
54064
30310
44534
45641
47678
40802
24878
34265
53533
49074
32159
51101
46508
17346
25012
36521
21332
64294
27676
25865
35505
42801
34650
24474
44254
36208
64022
15190
18505
41527
23985
39835
54949
55493
30357
43031
31566
20790
35851
23842
50616
38677
43638
41576
48976
22844
37661
48866
21444
47130
46966
32319
15870
31343
38750
63924
21211
43495
29317
60397
28986
56864
44518
23278
38832
22298
56708
38812
30553
22907
15503
21585
45801
58124
19702
27551
59136
47539
36087
16852
54011
28477
31378
32502
22887
25640
36219
59772
59857
45194
32078
63241
21001
49858
43421
39350
36581
26217
49189
54618
29170
25396
62559
53048
30581
15945
30290
34470
15247
20636
57957
45333
45087
31365
38690
25202
17537
61295
23031
45416
44756
34991
25302
29279
46010
33455
60172
55541
35960
46118
54654
42695
33389
62886
42735
23325
42560
54914
37614
50879
53650
32826
24924
45848
30274
60228
64380
42582
25535
49385
20579
19946
27752
41465
51791
45186
41199
39883
56820
34896
15821
24870
55409
58711
55855
26789
53138
35170
20061
63210
60494
26065
28043
45682
31712
45360
59689
18544
38691
60662
40405
31769
43766
30183
56608
54844
53743
22822
38110
47180
22203
47291
36215
20443
31780
38125
56842
52804
62188
60332
36482
44037
60870
21469
53600
64427
64488
61588
45603
64343
33260
64697
43745
57237
39586
44060
49605
22361
25418
45347
43560
26845
51444
32957
37142
51092
48732
38613
31727
27500
19155
46972
35197
48393
48253
35534
28085
24076
28149
25763
33542
27365
22929
56485
49903
22994
61488
52841
55789
39298
30815
38364
45506
44314
47195
51067
28097
60595
54272
40511
45254
23791
57472
59539
57027
61814
48944
44099
37060
35473
20092
53075
35588
40450
28587
50233
35913
60766
41981
29192
50314
47992
47329
21706
26176
47804
17186
36777
36330
49124
24673
32202
58091
51594
30639
48726
19679
63627
16321
57542
53467
19604
60902
49931
42145
31564
25892
53864
17635
59150
28542
27116
49039
37985
46370
19535
50440
18533
39646
51641
60117
64877
16307
56361
27395
46211
22610
16809
52118
16732
31619
36796
22668
38122
46117
22528
56450
42840
44495
62662
55809
50517
45829
15514
51280
62080
38407
28497
39421
50508
59939
27967
15653
20208
45514
49283
64416
23886
16879
15087
33131
27773
31900
34871
42317
26006
15487
17685
59307
41848
62306
26215
56247
57880
17944
63750
32482
21944
53027
18403
37938
55746
16659
45824
46063
59570
29689
45257
46136
44126
40617
15613
16259
58082
33598
17341
38209
18188
35975
36607
57071
35281
41439
50223
53209
34538
19914
18019
56041
49918
59676
29658
32349
52157
47828
58944
46647
62567
35317
35792
19357
38551
44501
32999
60193
63375
19550
46688
62395
63377
21313
19394
21506
39607
25675
54866
30363
54687
54960
56566
56792
50231
19940
58296
47089
36257
23721
16067
19263
41251
27602
58189
29653
41485
26389
61392
21882
35784
43887
26134
52545
59048
60738
58481
25914
45805
43130
39109
62353
50588
25453
53939
44595
33589
31456
17634
22433
20289
28982
61996
60254
52409
61635
23538
53458
23558
38799
24109
36865
40992
30279
58275
32742
58229
38989
19313
38536
58377
38671
16971
41119
64212
62357
59629
47824
52381
35124
53885
20963
53249
18543
16800
60198
54095
42462
25973
61626
60691
39287
41266
44075
23117
41816
28601
27421
44621
49142
36166
46834
45726
62495
25144
22825
30044
18492
32921
40464
37107
29347
58508
16186
60085
22825
20258
55451
60792
58437
57689
30464
35978
44751
42770
18939
57521
60599
54781
61084
46804
25634
33443
54444
62927
18318
55408
63315
39655
15559
59419
61961
39083
51363
15347
27162
61026
45927
53512
56930
62007
16189
52386
54359
63422
60413
48370
47174
37730
18840
43524
43158
55372
57539
22125
44537
55058
21504
54615
52161
50954
40521
22838
17839
57081
30054
59910
50694
59084
28510
25011
64318
64975
15961
35978
53387
52801
39464
15776
24697
33297
27139
49270
61660
38865
39121
48700
40293
50221
56680
42843
23765
57941
16059
46174
61640
38299
51121
47002
41681
23480
28030
50494
21010
61017
59680
39061
30121
55878
33352
57464
30642
32627
64147
48001
53517
35568
49764
45851
16525
25099
38496
25573
17290
42949
64502
40549
51316
43922
43177
35609
62324
63914
28715
30680
57520
40892
55944
50615
54299
62083
20331
33400
64839
15504
30929
38525
57832
21238
45208
21531
54742
59333
37748
42617
59822
30174
49262
17911
36470
55654
51769
49339
50267
52550
54355
59766
15097
53486
59140
52101
53894
38506
46742
48020
50731
31292
39952
45534
20240
56537
46369
56431
34083
19792
26550
37146
36229
46565
22984
62022
35425
31580
22725
22595
46458
61360
28249
31563
50959
43299
42440
16387
59582
32576
16715
20144
43570
44092
49701
57159
61690
46987
39889
45581
15464
16319
35482
30413
58563
42795
46518
63080
16522
24438
30832
39078
17140
31851
59041
30922
26073
35629
48506
17620
41334
45640
26448
25328
53905
62035
17140
47580
16650
26033
44350
15256
15962
21110
61093
64229
16555
40887
35950
38015
50740
30138
33087
16679
42719
60573
54863
53561
49192
43842
46476
27309
33748
54536
37736
30521
22028
18453
29024
43315
54628
33167
46794
49411
34397
62842
31419
37047
37763
45995
60995
28481
17955
39867
41830
38731
47325
39912
61415
41851
40194
18518
16946
43153
40987
33650
40150
25421
52501
36054
41310
20285
39404
64488
51403
16516
61443
52782
54992
60999
49182
35276
28105
37520
30668
16254
39464
53302
18772
57649
46621
21796
15194
52331
26882
56917
30462
45099
37073
46145
34242
29451
50242
43632
40758
26834
64836
56846
18930
19302
63399
61592
45679
47406
31300
24738
45010
59606
15898
55322
50966
16268
63942
41511
40949
46951
46974
37756
40723
63991
51178
64777
55271
38807
52351
24784
32966
42319
61017
53829
52846
42614
34501
43646
62732
47285
21352
23802
37338
42535
62976
21358
45897
15740
44965
44538
61046
33773
27178
21883
25244
34377
55670
34745
49239
51838
53434
19376
44848
22804
63407
47613
57418
62371
27437
40142
22327
41397
59994
37628
35399
39381
23389
38836
37135
18647
17822
42768
58674
38433
17532
48501
45966
45831
55786
36678
57702
40581
18327
26085
48471
15845
42248
49977
16426
53728
15588
23532
63989
52001
41532
17531
48734
39429
51302
58993
54669
28767
56773
27037
57532
34696
41478
53967
19086
58003
32520
31026
21337
38398
15881
59011
30225
15845
45658
19711
43826
42625
64030
49019
18154
26574
32196
59373
54594
20330
22734
44280
29495
54841
24910
22613
58376
42117
50956
46812
25998
43922
52038
26578
19603
60688
41221
22860
37968
16825
62039
54738
25256
54939
20351
64079
47370
52304
28773
62597
32151
39912
41307
18413
41425
52264
48029
21660
15595
61196
52244
21809
64986
40870
35895
29013
62673
24931
34178
17708
23528
49760
58506
59252
48597
18586
20283
46363
28058
28317
47237
22888
43922
25087
22561
53751
48090
53961
30308
16335
49916
22019
48738
55837
41207
58011
61322
38142
33323
15426
21936
37822
44112
54451
49704
28472
52214
58529
24765
26968
52342
57916
45345
37029
24296
50863
36639
33973
38078
25593
55612
29084
24093
38725
47708
17253
60972
23769
61665
39371
38373
22472
44174
49508
22553
42324
28218
15451
18032
21812
50400
28504
42350
23517
43844
31246
19041
39888
52703
43970
46630
62496
34523
32883
59803
20366
23002
26921
62255
47571
46000
20894
46902
29769
49138
27028
26665
15702
25446
24994
51994
17062
29322
39615
52533
36564
33392
50937
32577
35109
15607
36081
40422
56626
46325
24183
29065
38096
42352
62046
38403
43933
48924
42524
50480
42168
23646
32977
33938
31006
41664
45585
28598
33581
30317
41183
21630
16550
52732
19495
36846
25140
31369
16952
52018
33940
56862
22445
15548
56240
48274
46167
46732
42571
23016
36585
20215
64587
63720
52335
34570
54238
22186
48699
57496
46827
25678
60173
45183
45319
43561
28639
38233
